479001600,0,-1486442880,0,1931559552,0,-1414014888,0,657206836,2,-206070150,0,44990231,0,-6926634,0,749463,0,-55770,0,2717,0,-78,0,1
479001600,1,-1486442880,0,1931559552,-1,-1414014888,0,657206836,1,-206070150,0,44990231,0,-6926634,0,749463,0,-55770,0,2717,0,-78,0,1
479001600,0,-1486442880,1,1931559552,0,-1414014888,1,657206836,0,-206070150,0,44990231,0,-6926634,0,749463,0,-55770,0,2717,0,-78,0,1
479001600,0,-1486442880,0,1931559552,0,-1414014888,0,657206836,1,-206070150,0,44990231,0,-6926634,0,749463,0,-55770,0,2717,0,-78,0,1
479001600,-1,-1486442880,1,1931559552,0,-1414014888,1,657206836,0,-206070150,0,44990231,0,-6926634,0,749463,0,-55770,0,2717,0,-78,0,1
518918400,0,-1606986720,1,2082477528,0,-1519272964,1,703202566,0,-219409685,0,47627789,0,-7284057,0,782133,0,-57695,0,2783,0,-79,0,1
479001600,0,-1486442880,0,1931559552,0,-1414014888,0,657206836,-1,-206070150,0,44990231,0,-6926634,0,749463,0,-55770,0,2717,0,-78,0,1
518918400,1,-1606986720,0,2082477528,-1,-1519272964,0,703202566,1,-219409685,0,47627789,0,-7284057,0,782133,0,-57695,0,2783,0,-79,0,1
518918400,1,-1606986720,0,2082477528,1,-1519272964,0,703202566,0,-219409685,0,47627789,0,-7284057,0,782133,0,-57695,0,2783,0,-79,0,1
479001600,0,-1486442880,0,1931559552,0,-1414014888,-2,657206836,0,-206070150,0,44990231,0,-6926634,0,749463,0,-55770,0,2717,0,-78,0,1
518918400,1,-1606986720,-1,2082477528,1,-1519272964,0,703202566,0,-219409685,0,47627789,0,-7284057,0,782133,0,-57695,0,2783,0,-79,0,1
622702080,0,-1918005696,1,2467871136,0,-1784588196,1,817311556,0,-251880723,0,53906243,0,-8113023,0,855663,0,-61881,0,2921,0,-81,0,1
479001600,0,-1486442880,0,1931559552,0,-1414014888,2,657206836,0,-206070150,0,44990231,0,-6926634,0,749463,0,-55770,0,2717,0,-78,0,1
566092800,1,-1748787840,0,2258902656,-1,-1641350040,0,756032156,1,-234553330,0,50580893,0,-7677780,0,817443,0,-59730,0,2851,0,-80,0,1
622702080,1,-1918005696,0,2467871136,1,-1784588196,0,817311556,0,-251880723,0,53906243,0,-8113023,0,855663,0,-61881,0,2921,0,-81,0,1
479001600,0,-1486442880,0,1931559552,0,-1414014888,-1,657206836,0,-206070150,0,44990231,0,-6926634,0,749463,0,-55770,0,2717,0,-78,0,1
566092800,-1,-1748787840,1,2258902656,0,-1641350040,1,756032156,0,-234553330,0,50580893,0,-7677780,0,817443,0,-59730,0,2851,0,-80,0,1
691891200,0,-2123429760,1,2719254144,0,-1954944328,1,889195492,0,-271880366,0,57673643,0,-8595870,0,897087,0,-64154,0,2993,0,-82,0,1
479001600,0,-1486442880,0,1931559552,2,-1414014888,0,657206836,0,-206070150,0,44990231,0,-6926634,0,749463,0,-55770,0,2717,0,-78,0,1
566092800,1,-1748787840,-1,2258902656,1,-1641350040,0,756032156,0,-234553330,0,50580893,0,-7677780,0,817443,0,-59730,0,2851,0,-80,0,1
691891200,1,-2123429760,0,2719254144,1,-1954944328,0,889195492,0,-271880366,0,57673643,0,-8595870,0,897087,0,-64154,0,2993,0,-82,0,1
479001600,0,-1486442880,0,1931559552,-1,-1414014888,0,657206836,0,-206070150,0,44990231,0,-6926634,0,749463,0,-55770,0,2717,0,-78,0,1
622702080,1,-1918005696,0,2467871136,-1,-1784588196,0,817311556,1,-251880723,0,53906243,0,-8113023,0,855663,0,-61881,0,2921,0,-81,0,1
778377600,0,-2378047680,1,3027333672,0,-2160802428,1,974612666,0,-295188265,0,61969361,0,-9133389,0,942033,0,-66555,0,3067,0,-83,0,1
