241920,0,-254304,-2,-24216,0,-47440,-2,126954,0,-45370,0,8945,0,-13068,0,8865,0,-2666,0,411,0,-32,0,1
268800,2,-309440,0,76014,0,-158376,-2,167100,0,-60494,0,40202,0,-37657,0,17569,0,-4236,0,552,0,-37,0,1
466560,2,-475632,0,-137916,-2,62136,-2,133323,0,-34785,0,-16090,0,-2643,0,7296,0,-2643,0,426,0,-33,0,1
1244160,2,-1109376,-2,-497664,-2,92376,-2,361884,0,-46026,0,-45299,0,-13025,0,17345,0,-4988,0,653,0,-41,0,1
2494800,0,-3479940,-2,565416,0,361133,-2,175591,0,-102970,0,-20342,0,-296,0,9608,0,-3490,0,526,0,-37,0,1
540540,2,-516288,0,328171,-2,-841227,0,697319,0,-385743,0,310736,0,-182004,0,57620,0,-10050,0,973,0,-49,0,1
898128,2,-833652,-1,-333180,-2,82341,0,260328,0,-42855,0,-32423,0,-8183,0,12983,0,-4013,0,563,0,-38,0,1
2432430,2,-1917891,-2,-1140174,-2,42996,-2,694839,0,-20156,0,-82174,0,-33030,0,29610,0,-7233,0,828,0,-46,0,1
16640000,0,-18544000,-2,-1214800,0,1840620,-2,1660076,0,-199741,0,-169407,0,-50807,0,47683,0,-10659,0,1087,0,-53,0,1
1081080,0,-1032576,-2,115802,0,-625629,-2,550179,0,-142626,0,139754,0,-125406,0,47620,0,-9078,0,924,0,-48,0,1
207360,2,-194112,-2,30528,0,-202340,-2,206768,0,-40895,0,-1918,0,-13116,0,10401,0,-3103,0,460,0,-34,0,1
7539840,0,-348048,-2,4866176,0,-7268952,-2,3516424,0,-2721417,-2,2082016,0,-840454,0,184905,2,-23305,0,1678,0,-64,0,1
3993600,0,-2586880,-2,-1489888,0,-1365656,-2,1568512,0,-95306,0,95372,0,-180269,0,72367,0,-12994,0,1196,0,-55,0,1
1008000,2,-1530000,0,391340,-2,131028,0,51753,0,-51883,0,-3928,0,1242,0,4006,0,-1878,0,348,0,-30,0,1
241920,2,-254304,-2,-24216,0,-47440,-2,126954,0,-45370,0,8945,0,-13068,0,8865,0,-2666,0,411,0,-32,0,1
241920,2,-254304,-2,-24216,-2,-47440,-2,126954,0,-45370,0,8945,0,-13068,0,8865,0,-2666,0,411,0,-32,0,1
1680000,2,-2438000,0,500900,-2,236640,0,103857,0,-77787,0,-10864,0,914,0,6622,0,-2694,0,444,0,-34,0,1
268800,2,-242240,0,32256,-2,-262052,-2,258908,0,-45081,0,-3100,0,-17182,0,12861,0,-3649,0,514,0,-36,0,1
7687680,2,-2164256,-2,-724476,-2,-7918511,-2,2537300,0,605049,0,248891,0,-374497,0,119487,0,-18061,0,1453,0,-60,0,1
3628800,2,-1425600,0,-274610,0,-3692772,-2,1618996,0,200709,0,76810,0,-194564,0,73953,0,-12839,0,1168,0,-54,0,1
598752,2,-555768,-1,-122328,-2,-137526,0,295688,0,-77417,0,15445,0,-30995,0,18239,0,-4655,0,603,0,-39,0,1
8164800,2,-3888000,-2,-4603068,-2,-1412748,-2,1621467,0,307851,0,-120306,0,-120499,0,61112,0,-11671,0,1114,0,-53,0,1
3628800,0,-1425600,-2,-274608,0,-3692775,-2,1618996,0,200709,0,76810,0,-194564,0,73953,0,-12839,0,1168,0,-54,0,1
1331200,0,-1084160,-2,682464,0,-1992216,0,1447628,0,-784398,-2,676567,0,-364777,0,101991,2,-15552,0,1309,0,-57,0,1
